left:
  K: [ 1820.9541782946733, -4.021419986366235, 519.7386891927948, 0.0, 1824.9829083360257, 394.3355599511966, 0.0, 0.0, 1.0 ]
  P: [ 1826.261808547807, 0.0, 513.2638320922852, 0.0, 0.0, 1826.261808547807, 383.0049591064453, 0.0, 0.0, 0.0, 1.0, 0.0 ]
  R: [ 0.999065365691783, -0.004043139323164764, -0.04303542842307174, 0.0040488551200482, 0.9999918023103602, 4.565406811488439e-05, 0.043034891046227965, -0.00021985561297073296, 0.9990735457493352 ]
  d: [ -0.22599656932162973, 0.3061700029207849, 0.0, 0.0, 0.0 ]
right:
  K: [ 1822.8538286789912, -3.5600011661993927, 533.4757139194603, 0.0, 1827.5407087595886, 383.4584204185291, 0.0, 0.0, 1.0 ]
  P: [ 1826.261808547807, 0.0, 513.2638320922852, 77635.1772308976, 0.0, 1826.261808547807, 383.0049591064453, 0.0, 0.0, 0.0, 1.0, 0.0 ]
  R: [ 0.9979736341862797, 0.0019075838217004267, 0.06360020906406463, -0.0018991343142025832, 0.9999981779589489, -0.00019330711066359454, -0.06360046193138978, 7.213006031897697e-05, 0.9979754385952434 ]
  d: [ -0.2167120218314264, 0.2836280035915307, 0.0, 0.0, 0.0 ]
